,Unnamed: 0,IPCH,IPC,ISJ
0,2023-06,5.3,4.5,5.7
1,2023-05,6.0,5.1,5.8
2,2023-04,6.9,5.9,6.3
3,2023-03,6.7,5.7,6.2
4,2023-02,7.3,6.3,6.1
5,2023-01,7.0,6.0,5.6
6,2022-12,6.7,5.9,5.3
7,2022-11,7.1,6.2,5.3
8,2022-10,7.1,6.2,5.0
9,2022-09,6.2,5.6,4.5
10,2022-08,6.6,5.9,4.7
11,2022-07,6.8,6.1,4.3
12,2022-06,6.5,5.8,3.7
13,2022-05,5.8,5.2,3.7
14,2022-04,5.4,4.8,3.3
15,2022-03,5.1,4.5,2.6
16,2022-02,4.2,3.6,2.5
17,2022-01,3.3,2.9,1.7
18,2021-12,3.4,2.8,1.9
19,2021-11,3.4,2.8,1.6
20,2021-10,3.2,2.6,1.4
21,2021-09,2.7,2.2,1.3
22,2021-08,2.4,1.9,1.3
23,2021-07,1.5,1.2,0.2
24,2021-06,1.9,1.5,1.1
25,2021-05,1.8,1.4,1.0
26,2021-04,1.6,1.2,1.0
27,2021-03,1.4,1.1,0.9
28,2021-02,0.8,0.6,0.4
29,2021-01,0.8,0.6,0.9
30,2020-12,0.0,0.0,0.2
31,2020-11,0.2,0.2,0.4
32,2020-10,0.1,0.0,0.3
33,2020-09,0.0,0.0,0.5
34,2020-08,0.2,0.2,0.5
35,2020-07,0.9,0.8,1.4
36,2020-06,0.2,0.2,0.3
37,2020-05,0.4,0.4,0.6
38,2020-04,0.4,0.3,0.3
39,2020-03,0.8,0.7,0.7
40,2020-02,1.6,1.4,1.3
41,2020-01,1.7,1.5,0.9
42,2019-12,1.6,1.5,1.1
43,2019-11,1.2,1.0,0.9
44,2019-10,0.9,0.8,1.0
45,2019-09,1.1,0.9,0.9
46,2019-08,1.3,1.0,0.7
47,2019-07,1.3,1.1,0.9
48,2019-06,1.4,1.2,0.9
49,2019-05,1.1,0.9,0.5
50,2019-04,1.5,1.3,0.7
51,2019-03,1.3,1.1,0.5
52,2019-02,1.6,1.3,0.7
53,2019-01,1.4,1.2,0.6
54,2018-12,1.9,1.6,0.7
55,2018-11,2.2,1.9,0.7
56,2018-10,2.5,2.2,0.8
57,2018-09,2.5,2.2,0.7
58,2018-08,2.6,2.3,0.9
59,2018-07,2.6,2.3,0.8
60,2018-06,2.3,2.0,0.8
61,2018-05,2.3,2.0,1.0
62,2018-04,1.8,1.6,0.9
63,2018-03,1.7,1.6,0.9
64,2018-02,1.3,1.2,0.7
65,2018-01,1.5,1.3,0.8
66,2017-12,1.2,1.2,0.6
67,2017-11,1.2,1.2,0.5
68,2017-10,1.2,1.1,0.5
69,2017-09,1.1,1.0,0.5
70,2017-08,1.0,0.9,0.5
71,2017-07,0.8,0.7,0.5
72,2017-06,0.8,0.7,0.4
73,2017-05,0.9,0.8,0.3
74,2017-04,1.4,1.2,0.5
75,2017-03,1.4,1.1,0.4
76,2017-02,1.4,1.2,0.2
77,2017-01,1.6,1.3,0.6
78,2016-12,0.8,0.6,0.4
79,2016-11,0.7,0.5,0.6
80,2016-10,0.5,0.4,0.5
81,2016-09,0.5,0.4,0.7
82,2016-08,0.4,0.2,0.4
83,2016-07,0.4,0.2,0.5
84,2016-06,0.3,0.2,0.7
85,2016-05,0.1,0.0,0.7
86,2016-04,-0.1,-0.2,0.6
87,2016-03,-0.1,-0.1,0.7
88,2016-02,-0.1,-0.2,0.7
89,2016-01,0.3,0.2,0.9
90,2015-12,0.3,0.2,1.0
91,2015-11,0.1,0.0,0.9
92,2015-10,0.2,0.1,0.8
93,2015-09,0.1,0.0,0.6
94,2015-08,0.1,0.0,0.5
95,2015-07,0.2,0.2,0.6
96,2015-06,0.3,0.3,0.6
97,2015-05,0.3,0.3,0.5
98,2015-04,0.1,0.1,0.4
99,2015-03,0.0,-0.1,0.2
100,2015-02,-0.3,-0.3,0.2
101,2015-01,-0.4,-0.4,0.1
102,2014-12,0.1,0.1,-0.1
103,2014-11,0.4,0.3,-0.2
104,2014-10,0.5,0.5,0.0
105,2014-09,0.4,0.3,0.1
106,2014-08,0.5,0.4,0.3
107,2014-07,0.6,0.5,0.1
108,2014-06,0.6,0.5,0.1
109,2014-05,0.8,0.7,0.3
110,2014-04,0.8,0.7,0.5
111,2014-03,0.8,0.6,0.5
112,2014-02,1.1,0.9,0.8
113,2014-01,0.8,0.6,0.2
